Time : 1866.73593521
Time : 1667.19508171
